Task_cnt	Time(us)		Latency
1		3022.03		30.51
2		3029.88		36.10
3		3034.08		39.83
4		3038.46		44.00
5		3042.55		47.86
6		3046.73		51.73
7		3050.78		55.32
8		3055.17		59.43
9		3059.38		63.36
10		3063.66		67.39
11		3068.05		71.55
12		3072.41		75.69
13		3076.59		79.58
14		3080.69		83.39
15		3084.83		87.08
16		3089.07		91.00
17		3093.22		94.94
18		3097.44		98.93
19		3101.60		102.85
20		3105.89		106.91
21		3109.97		110.78
22		3114.17		114.68
23		3118.29		118.39
24		3122.70		122.50
25		3126.92		126.49
26		3131.05		130.39
27		3135.15		134.25
28		3139.32		138.20
29		3143.44		142.09
30		3147.49		145.89
31		3151.56		149.51
32		3155.73		153.39
33		3159.81		157.24
34		3163.88		161.08
35		3167.94		164.90
36		3172.18		168.92
37		3176.25		172.77
38		3180.36		176.60
39		3184.42		180.22
40		3188.66		184.14
41		3192.81		188.07
42		3196.93		191.94
43		3201.01		195.80
44		3205.26		199.82
45		3209.38		203.72
46		3213.48		207.55
47		3217.57		211.22
48		3221.79		215.12
49		3225.90		219.01
50		3230.00		222.88
51		3234.08		226.72
52		3238.30		230.73
53		3242.35		234.55
54		3246.51		238.41
55		3250.62		242.07
56		3254.86		245.98
57		3259.02		249.92
58		3263.15		253.82
59		3267.31		257.73
60		3271.57		261.77
61		3275.72		265.64
62		3279.84		269.50
63		3283.96		273.16
64		3288.17		277.08
65		3292.30		280.97
66		3296.42		284.86
67		3300.54		288.69
68		3304.83		292.82
69		3308.92		296.68
70		3313.07		300.58
71		3317.18		304.21
72		3321.45		308.16
73		3325.61		312.10
74		3329.76		316.02
75		3333.87		319.90
76		3338.09		323.91
77		3342.23		327.82
78		3346.32		331.65
79		3350.43		335.30
80		3354.62		339.18
81		3358.71		343.01
82		3362.81		346.87
83		3366.91		350.73
84		3371.15		354.76
85		3375.25		358.63
86		3379.37		362.46
87		3383.43		366.07
88		3387.65		370.04
89		3391.76		373.93
90		3395.91		377.85
91		3400.02		381.72
92		3404.28		385.77
93		3408.38		389.64
94		3412.48		393.48
95		3416.60		397.21
96		3420.81		401.15
97		3424.92		405.03
98		3429.03		408.91
99		3433.11		412.76
100		3437.34		416.75
101		3441.50		414.58
102		3445.65		413.82
103		3449.73		413.51
104		3453.97		413.60
105		3458.11		413.57
106		3462.27		413.65
107		3466.40		413.53
108		3470.69		413.63
109		3474.84		413.57
110		3478.95		413.26
111		3483.06		412.92
112		3487.29		412.97
113		3491.40		412.90
114		3495.52		412.92
115		3499.65		412.76
116		3503.90		412.92
117		3508.01		412.89
118		3512.16		412.81
119		3516.27		412.58
120		3520.52		412.72
121		3524.63		412.74
122		3528.76		412.67
123		3532.85		412.46
124		3537.07		412.45
125		3541.16		412.32
126		3545.30		412.35
127		3549.41		412.25
128		3553.64		412.40
129		3557.77		412.43
130		3561.89		412.50
131		3565.98		412.40
132		3570.20		412.56
133		3574.31		412.59
134		3578.46		412.69
135		3582.57		412.60
136		3586.78		412.70
137		3590.92		412.76
138		3595.03		412.76
139		3599.16		412.70
140		3603.40		412.83
141		3607.50		412.78
142		3611.65		412.80
143		3615.76		412.73
144		3620.01		412.84
145		3624.13		412.84
146		3628.25		412.88
147		3632.35		412.73
148		3636.58		412.88
149		3640.71		412.90
150		3644.84		412.94
151		3648.95		412.85
152		3653.18		413.00
153		3657.32		413.06
154		3661.44		413.02
155		3665.57		412.92
156		3669.83		413.06
157		3673.94		413.01
158		3678.06		413.00
159		3682.16		412.81
160		3686.39		412.90
161		3690.50		412.86
162		3694.63		412.88
163		3698.74		412.75
164		3702.97		412.89
165		3707.06		412.87
166		3711.20		412.88
167		3715.30		412.72
168		3719.53		412.81
169		3723.67		412.85
170		3727.80		412.81
171		3731.90		412.70
172		3736.13		412.78
173		3740.24		412.73
174		3744.38		412.72
175		3748.50		412.61
176		3752.75		412.75
177		3756.85		412.72
178		3760.99		412.77
179		3765.09		412.65
180		3769.30		412.79
181		3773.42		412.80
182		3777.58		412.87
183		3781.69		412.77
184		3785.92		412.85
185		3790.05		412.90
186		3794.17		412.91
187		3798.30		412.86
188		3802.55		413.01
189		3806.69		413.01
190		3810.83		413.02
191		3814.92		412.88
192		3819.15		412.97
193		3823.28		412.98
194		3827.37		412.98
195		3831.47		412.83
196		3835.68		412.96
197		3839.80		412.99
198		3843.91		412.98
199		3848.03		412.91
200		3852.32		413.00
201		3856.43		413.03
202		3860.53		412.97
203		3864.64		412.88
204		3868.86		412.98
205		3872.98		412.95
206		3877.11		412.94
207		3881.25		412.81
208		3885.45		412.83
209		3889.57		412.82
210		3893.70		412.85
211		3897.84		412.73
212		3905.72		416.53
213		3909.91		416.60
214		3914.03		416.58
215		3918.15		416.47
216		3922.43		416.61
217		3926.58		416.65
218		3930.73		416.65
219		3934.89		416.56
220		3939.09		416.66
221		3943.26		416.71
222		3947.37		416.72
223		3951.51		416.64
224		3955.73		416.75
225		3959.85		416.78
226		3964.00		416.78
227		3968.11		416.66
228		3972.34		416.79
229		3976.46		416.77
230		3980.62		416.82
231		3984.73		416.74
232		3988.99		416.87
233		3993.15		416.91
234		3997.31		416.92
235		4001.44		416.83
236		4005.69		416.99
237		4009.85		417.01
238		4013.98		417.04
239		4018.13		416.94
240		4022.39		417.07
241		4026.52		417.11
242		4030.65		417.08
243		4034.76		416.95
244		4039.00		417.07
245		4043.11		417.07
246		4047.28		417.12
247		4051.39		417.04
248		4055.64		417.13
249		4059.79		417.16
250		4063.94		417.18
251		4068.06		417.08
252		4072.31		417.22
253		4076.44		417.19
254		4080.54		417.18
255		4084.66		417.06
256		4088.90		417.16
257		4093.00		417.15
258		4097.18		417.20
259		4101.29		417.10
260		4105.55		417.23
261		4109.67		417.26
262		4113.83		417.28
263		4117.94		417.19
264		4122.19		417.32
265		4126.37		417.40
266		4130.56		417.45
267		4134.72		417.37
268		4138.97		417.53
269		4143.09		417.50
270		4147.20		417.48
271		4151.33		417.39
272		4155.56		417.51
273		4159.68		417.52
274		4163.81		417.50
275		4167.92		417.38
276		4172.16		417.49
277		4176.28		417.50
278		4180.45		417.55
279		4184.56		417.49
280		4188.82		417.60
281		4192.97		417.62
282		4197.11		417.61
283		4201.24		417.51
284		4205.45		417.63
285		4209.59		417.62
286		4213.71		417.62
287		4217.84		417.50
288		4222.06		417.56
289		4226.15		417.55
290		4230.29		417.54
291		4234.40		417.44
292		4238.63		417.56
293		4242.76		417.59
294		4246.91		417.64
295		4250.99		417.53
296		4255.27		417.67
297		4259.42		417.72
298		4263.56		417.72
299		4267.68		417.56
300		4271.91		417.68
301		4276.06		417.72
302		4280.19		417.74
303		4284.34		417.67
304		4288.60		417.81
305		4292.71		417.82
306		4296.85		417.82
307		4300.99		417.71
308		4305.22		417.85
309		4309.35		417.86
310		4313.52		417.91
311		4317.66		417.82
312		4321.91		414.24
313		4326.11		414.29
314		4330.29		414.36
315		4334.45		414.24
316		4338.71		414.35
317		4342.88		414.38
318		4347.01		414.35
319		4351.18		414.25
320		4355.42		414.40
321		4359.54		414.36
322		4363.69		414.40
323		4367.82		414.28
324		4372.07		414.41
325		4376.20		414.42
326		4380.39		414.47
327		4384.52		414.37
328		4388.80		414.55
329		4392.95		414.58
330		4397.12		414.57
331		4401.24		414.47
332		4405.48		414.56
333		4409.63		414.56
334		4413.76		414.54
335		4417.88		414.40
336		4422.17		414.56
337		4426.31		414.54
338		4430.49		414.59
339		4434.64		414.48
340		4438.97		414.66
341		4443.14		414.71
342		4447.32		414.76
343		4451.43		414.63
344		4455.65		414.74
345		4459.77		414.72
346		4463.87		414.67
347		4467.99		414.55
348		4472.26		414.70
349		4476.37		414.66
350		4480.49		414.64
351		4484.60		414.49
352		4488.85		414.63
353		4493.01		414.65
354		4497.15		414.70
355		4501.30		414.60
356		4505.61		414.78
357		4509.76		414.84
358		4513.93		414.84
359		4518.03		414.70
360		4522.30		414.82
361		4526.42		414.83
362		4530.59		414.86
363		4534.71		414.73
364		4538.98		414.86
365		4543.12		414.82
366		4547.27		414.78
367		4551.41		414.64
368		4555.65		414.78
369		4559.77		414.77
370		4563.89		414.78
371		4567.98		414.62
372		4572.24		414.75
373		4576.36		414.77
374		4580.52		414.79
375		4584.63		414.67
376		4588.86		414.77
377		4592.95		414.76
378		4597.09		414.73
379		4601.16		414.57
380		4605.43		414.69
381		4609.54		414.65
382		4613.66		414.63
383		4617.80		414.53
384		4622.06		414.70
385		4626.19		414.68
386		4630.35		414.73
387		4634.47		414.61
388		4638.68		414.70
389		4642.77		414.70
390		4646.89		414.69
391		4651.00		414.55
392		4655.26		414.70
393		4659.39		414.72
394		4663.55		414.73
395		4667.65		414.61
396		4671.90		414.71
397		4676.03		414.70
398		4680.14		414.66
399		4684.29		414.55
400		4688.52		414.69
401		4692.63		414.65
402		4696.75		414.65
403		4700.85		414.47
404		4705.06		414.54
405		4709.17		414.55
406		4713.31		414.54
407		4717.43		414.40
408		4721.72		414.58
409		4725.86		414.59
410		4730.03		414.58
411		4734.15		414.46
412		4738.39		414.55
413		4742.49		414.46
414		4746.62		414.40
415		4750.73		414.24
416		4754.91		414.28
417		4759.02		414.21
418		4763.14		414.20
419		4767.24		414.02
420		4771.56		414.21
421		4775.72		414.26
422		4779.87		414.26
423		4783.99		414.12
424		4788.20		414.19
425		4792.34		414.20
426		4796.44		414.13
427		4800.56		414.01
428		4804.85		414.14
429		4808.98		414.11
430		4813.16		414.12
431		4817.31		414.03
432		4821.56		414.17
433		4825.67		414.12
434		4829.83		414.16
435		4833.93		414.00
436		4838.10		414.01
437		4842.21		413.98
438		4846.35		413.93
439		4850.48		413.80
440		4854.65		413.76
441		4858.78		413.68
442		4862.93		413.70
443		4867.05		413.58
444		4871.33		413.77
445		4875.51		413.82
446		4879.68		413.91
447		4883.85		413.81
448		4888.06		413.89
449		4892.18		413.89
450		4896.31		413.90
451		4900.44		413.80
452		4904.66		413.90
453		4908.80		413.88
454		4912.93		413.86
455		4917.04		413.70
456		4921.23		413.69
457		4925.33		413.65
458		4929.46		413.62
459		4933.57		413.51
460		4937.82		413.61
461		4941.96		413.60
462		4946.13		413.62
463		4950.27		413.51
464		4954.49		413.59
465		4958.64		413.58
466		4962.76		413.57
467		4966.90		413.46
468		4971.09		413.52
469		4975.25		413.58
470		4979.35		413.55
471		4983.46		413.43
472		4987.63		413.46
473		4991.74		413.47
474		4995.88		413.44
475		4999.99		413.34
476		5004.22		413.44
477		5008.35		413.48
478		5012.49		413.49
479		5016.59		413.39
480		5020.78		413.43
481		5024.87		413.43
482		5029.00		413.42
483		5033.11		413.29
484		5037.32		413.34
485		5041.45		413.35
486		5045.56		413.29
487		5049.66		413.16
488		5053.85		413.26
489		5057.96		413.26
490		5062.09		413.28
491		5066.19		413.16
492		5070.41		413.23
493		5074.52		413.20
494		5078.65		413.19
495		5082.77		413.08
496		5086.97		413.15
497		5091.08		413.14
498		5095.21		413.16
499		5099.31		413.00
500		5103.51		413.08
501		5107.62		413.08
502		5111.74		413.06
503		5115.84		413.01
504		5120.03		413.05
505		5124.15		413.06
506		5128.27		413.04
507		5132.35		412.87
508		5136.55		412.91
509		5140.65		412.87
510		5144.77		412.84
511		5148.89		412.70
512		5153.06		412.77
513		5157.20		412.79
514		5161.31		412.77
515		5165.41		412.70
516		5169.59		412.76
517		5173.70		412.77
518		5177.85		412.79
519		5181.93		412.64
520		5186.10		412.61
521		5190.19		412.54
522		5194.32		412.53
523		5198.43		412.42
524		5202.60		412.47
525		5206.71		412.45
526		5210.86		412.51
527		5214.99		412.40
528		5244.74		437.98
529		5248.90		437.99
530		5253.03		437.95
531		5257.19		437.84
532		5261.47		437.98
533		5265.82		438.24
534		5270.14		438.39
535		5274.31		438.40
536		5278.54		438.51
537		5282.83		438.70
538		5286.97		438.70
539		5291.11		438.67
540		5295.38		438.80
541		5299.53		438.84
542		5303.72		438.88
543		5307.88		438.78
544		5312.07		438.82
545		5316.70		439.28
546		5321.00		439.40
547		5325.32		439.48
548		5330.00		440.02
549		5334.61		440.51
550		5338.91		440.68
551		5343.04		440.60
552		5347.22		440.64
553		5351.35		440.62
554		5355.46		440.60
555		5359.56		440.54
556		5363.83		440.69
557		5367.97		440.73
558		5372.15		440.77
559		5376.27		440.68
560		5380.44		440.71
561		5384.52		440.64
562		5388.64		440.59
563		5392.77		440.46
564		5396.93		440.51
565		5401.07		440.53
566		5405.20		440.52
567		5409.33		440.44
568		5413.53		440.51
569		5417.66		440.49
570		5421.79		440.53
571		5425.89		440.45
572		5430.19		440.63
573		5434.34		440.67
574		5438.50		440.69
575		5442.64		440.61
576		5446.84		440.70
577		5450.94		440.66
578		5455.07		440.67
579		5459.20		440.63
580		5463.44		440.75
581		5467.58		440.79
582		5471.74		440.82
583		5475.84		440.73
584		5480.02		440.77
585		5484.16		440.79
586		5488.28		440.82
587		5492.40		440.75
588		5496.74		440.95
589		5500.87		440.98
590		5505.08		441.06
591		5509.23		441.01
592		5513.43		441.10
593		5517.56		441.12
594		5521.71		441.15
595		5525.84		441.08
596		5530.08		441.20
597		5534.20		441.20
598		5538.29		441.16
599		5542.38		441.08
600		5546.54		441.12
601		5550.62		441.09
602		5554.72		441.07
603		5558.84		441.01
604		5563.14		441.18
605		5567.28		441.21
606		5571.42		441.24
607		5575.55		441.19
608		5579.79		441.33
609		5583.90		441.33
610		5588.03		441.34
611		5592.13		441.26
612		5596.39		441.40
613		5600.51		441.40
614		5604.63		441.40
615		5608.72		441.30
616		5612.90		441.39
617		5617.00		441.38
618		5621.12		441.37
619		5625.23		441.32
620		5629.53		441.51
621		5633.67		441.54
622		5637.83		441.57
623		5641.94		441.51
624		5646.16		441.64
625		5650.34		441.70
626		5654.45		441.67
627		5658.58		417.60
628		5662.88		416.19
629		5667.01		416.20
630		5671.16		416.23
631		5675.28		416.04
632		5679.54		415.97
633		5683.70		415.95
634		5687.85		415.79
635		5691.99		415.67
636		5696.25		415.63
637		5700.39		415.64
638		5704.50		415.60
639		5708.62		415.47
640		5712.82		415.53
641		5716.92		415.46
642		5721.05		415.42
643		5725.14		415.27
644		5729.42		414.94
645		5733.52		414.72
646		5737.68		414.58
647		5741.78		414.48
648		5746.04		414.14
649		5750.18		413.66
650		5754.33		413.50
651		5758.47		413.45
652		5762.78		413.65
653		5766.92		413.66
654		5771.12		413.74
655		5775.29		413.70
656		5779.54		413.81
657		5783.70		413.82
658		5787.81		413.74
659		5791.92		413.66
660		5796.17		413.83
661		5800.28		413.83
662		5804.43		413.87
663		5808.55		413.81
664		5812.82		413.94
665		5816.99		414.00
666		5821.16		414.05
667		5825.29		413.96
668		5829.54		414.08
669		5833.69		414.10
670		5837.80		414.11
671		5841.89		413.94
672		5846.15		414.04
673		5850.28		414.04
674		5854.42		413.99
675		5858.52		413.88
676		5862.75		414.00
677		5866.88		414.02
678		5871.01		414.04
679		5875.13		413.93
680		5879.36		413.99
681		5883.45		413.93
682		5887.57		413.91
683		5891.70		413.87
684		5895.94		414.01
685		5900.06		413.98
686		5904.22		414.03
687		5908.35		413.89
688		5912.60		413.94
689		5916.72		413.93
690		5920.88		413.88
691		5925.00		413.75
692		5929.26		413.92
693		5933.41		413.92
694		5937.55		413.92
695		5941.71		413.88
696		5945.93		413.92
697		5950.05		413.94
698		5954.18		413.98
699		5958.30		413.93
700		5962.55		414.11
701		5966.65		414.12
702		5970.82		414.19
703		5974.95		414.09
704		5979.21		414.16
705		5983.36		414.17
706		5987.46		414.11
707		5991.60		414.01
708		5995.84		414.15
709		5999.97		414.15
710		6004.08		414.14
711		6008.18		414.04
712		6012.39		414.07
713		6016.50		414.09
714		6020.62		414.08
715		6024.74		414.03
716		6028.95		414.14
717		6033.07		414.15
718		6037.20		414.17
719		6041.32		414.06
720		6045.60		414.16
721		6049.78		414.20
722		6053.92		414.18
723		6058.07		414.10
724		6062.36		414.28
725		6066.52		414.26
726		6070.63		414.28
727		6074.75		414.14
728		6079.00		414.22
729		6083.12		414.21
730		6087.28		414.20
731		6091.43		414.11
732		6095.66		414.19
733		6099.79		414.17
734		6103.94		414.17
735		6108.04		414.02
736		6112.28		414.12
737		6116.40		414.12
738		6120.54		414.12
739		6124.66		414.02
740		6128.90		414.18
741		6133.02		414.17
742		6137.18		414.23
743		6141.26		414.09
744		6145.49		414.14
745		6149.59		414.14
746		6153.71		414.12
747		6157.81		413.98
748		6162.03		414.09
749		6166.16		414.06
750		6170.30		414.05
751		6174.41		413.89
752		6178.70		413.99
753		6182.82		413.98
754		6186.92		413.87
755		6191.03		413.69
756		6195.29		413.84
757		6199.40		413.78
758		6203.51		413.79
759		6207.62		413.67
760		6211.85		413.77
761		6215.99		413.79
762		6220.10		413.74
763		6224.21		413.62
764		6228.40		413.67
765		6232.51		413.61
766		6236.64		413.56
767		6240.74		413.41
768		6244.91		413.44
769		6249.01		413.42
770		6253.14		413.42
771		6257.24		413.31
772		6261.43		413.37
773		6265.52		413.33
774		6269.64		413.31
775		6273.76		413.23
776		6277.98		413.31
777		6282.10		413.32
778		6286.23		413.30
779		6290.34		413.17
780		6294.58		413.31
781		6298.68		413.31
782		6302.80		413.31
783		6306.91		413.17
784		6311.15		413.28
785		6315.27		413.29
786		6319.41		413.27
787		6323.54		413.15
788		6328.08		413.56
789		6332.19		413.54
790		6336.30		413.52
791		6340.42		413.39
792		6344.64		413.46
793		6348.76		413.45
794		6352.88		413.41
795		6356.99		413.25
796		6361.27		413.42
797		6365.38		413.41
798		6369.50		413.42
799		6373.59		413.26
800		6377.83		413.36
801		6381.95		413.38
802		6386.07		413.33
803		6390.20		413.21
804		6394.42		413.31
805		6398.54		413.28
806		6402.68		413.31
807		6406.76		413.13
808		6411.00		413.23
809		6415.14		413.25
810		6419.27		413.28
811		6423.39		413.18
812		6427.63		413.34
813		6431.73		413.32
814		6435.89		413.34
815		6440.01		413.27
816		6444.20		413.34
817		6448.31		413.34
818		6452.44		413.32
819		6456.57		413.18
820		6460.81		413.29
821		6464.97		413.26
822		6469.10		413.26
823		6473.22		413.12
824		6477.45		413.17
825		6481.58		413.15
826		6485.71		413.15
827		6489.82		413.02
828		6494.10		413.18
829		6498.22		413.17
830		6502.36		413.15
831		6506.47		413.05
832		6510.64		413.06
833		6514.76		413.06
834		6518.89		413.03
835		6523.07		412.98
836		6527.38		413.19
837		6531.53		413.21
838		6535.67		413.22
839		6539.78		413.10
840		6544.06		413.25
841		6548.19		413.25
842		6552.31		413.23
843		6556.42		413.11
844		6560.67		413.28
845		6564.82		413.31
846		6568.93		413.31
847		6573.06		413.24
848		6577.29		413.34
849		6581.42		413.35
850		6585.59		413.36
851		6589.70		413.20
852		6593.95		413.34
853		6598.07		413.35
854		6602.20		413.39
855		6606.31		413.23
856		6610.53		413.34
857		6614.65		413.34
858		6618.75		413.33
859		6622.85		413.18
860		6627.08		413.31
861		6631.19		413.29
862		6635.31		413.30
863		6639.42		413.22
864		6643.68		413.36
865		6647.83		413.41
866		6651.96		413.40
867		6656.06		413.34
868		6660.34		413.54
869		6664.44		413.51
870		6668.57		413.52
871		6672.67		413.45
872		6676.87		413.53
873		6680.98		413.55
874		6685.08		413.49
875		6689.17		413.38
876		6693.42		413.52
877		6697.53		413.52
878		6701.68		413.54
879		6705.83		413.45
880		6710.07		413.57
881		6714.18		413.58
882		6718.30		413.58
883		6722.39		413.44
884		6726.60		413.54
885		6730.71		413.52
886		6734.83		413.51
887		6738.94		413.09
888		6743.11		413.13
889		6747.21		413.10
890		6751.28		413.08
891		6755.39		412.96
892		6759.60		413.05
893		6763.71		413.04
894		6767.83		413.03
895		6771.93		412.88
896		6776.12		412.95
897		6780.30		413.00
898		6784.41		413.00
899		6788.52		412.88
900		6792.69		412.94
901		6797.13		413.27
902		6799.40		411.40
903		6801.44		409.22
904		6803.45		407.11
905		6805.47		405.01
906		6807.63		403.06
907		6809.65		400.86
908		6811.68		398.76
909		6813.73		396.68
910		6815.77		394.58
911		6817.81		392.39
912		6819.83		390.30
913		6821.85		388.20
914		6823.95		386.15
915		6825.98		383.99
916		6828.00		381.90
917		6830.04		379.82
918		6832.05		377.70
919		6834.08		375.48
920		6836.12		373.40
921		6838.15		371.26
922		6840.30		369.30
923		6842.35		367.09
924		6844.37		364.98
925		6846.42		362.92
926		6848.45		360.82
927		6850.49		358.60
928		6852.51		356.49
929		6854.54		354.39
930		6856.62		352.36
931		6858.65		350.20
932		6860.69		348.13
933		6862.72		346.04
934		6864.73		343.88
935		6866.77		341.60
936		6868.80		339.49
937		6870.83		337.38
938		6872.93		335.36
939		6874.96		333.11
940		6876.97		330.99
941		6878.99		328.88
942		6881.01		326.78
943		6883.04		324.58
944		6885.08		322.49
945		6887.10		320.35
946		6889.18		318.34
947		6891.21		316.13
948		6893.23		314.03
949		6895.25		311.92
950		6897.29		309.78
951		6899.32		307.58
952		6901.35		305.49
953		6903.36		303.37
954		6905.48		301.36
955		6907.53		299.19
956		6909.56		297.11
957		6911.59		295.03
958		6913.62		292.96
959		6915.64		290.77
960		6917.69		288.69
961		6919.72		286.61
962		6921.81		284.58
963		6923.84		282.37
964		6925.86		280.24
965		6927.86		278.10
966		6929.87		275.99
967		6931.88		273.76
968		6933.90		271.66
969		6935.93		269.57
970		6938.07		267.59
971		6940.11		265.43
972		6942.14		263.34
973		6944.17		261.26
974		6946.20		259.20
975		6948.23		257.01
976		6950.26		254.93
977		6952.29		252.83
978		6954.43		250.82
979		6956.46		248.61
980		6958.48		246.50
981		6960.50		244.42
982		6962.52		242.32
983		6964.57		240.17
984		6966.59		238.08
985		6968.62		235.98
986		6970.75		234.00
987		6972.78		231.86
988		6974.81		229.78
989		6976.85		227.74
990		6978.87		225.67
991		6980.94		223.55
992		6982.97		221.46
993		6985.00		219.38
994		6987.12		217.39
995		6989.15		215.24
996		6991.18		213.13
997		6993.23		211.01
998		6995.24		208.90
999		6997.28		206.77
1000		6999.30		204.69
