	Time(us)	Latency		Task_done
0	6527		264		1
1	6782		253		2
2	7012		230		3
3	7241		229		4
4	7471		230		5
5	7701		230		6
6	7931		230		7
7	8161		230		8
8	8391		230		9
9	8621		230		10
10	8851		230		11
11	9082		231		12
12	9311		229		13
13	9542		231		14
14	9771		229		15
15	10001		230		16
16	10252		251		17
17	10447		195		18
18	10683		236		19
19	10913		229		20
20	11143		230		21
21	11373		230		22
22	11602		229		23
23	11835		233		24
24	12064		229		25
25	12294		230		26
26	12524		230		27
27	12754		230		28
28	12985		231		29
29	13214		229		30
30	13445		231		31
31	13675		230		32
32	13904		229		33
33	14137		233		34
34	14365		228		35
35	14585		220		36
36	14815		229		37
37	15044		229		38
38	15274		230		39
39	15504		230		40
40	15733		229		41
41	15963		230		42
42	16192		229		43
43	16422		230		44
44	16651		229		45
45	16881		230		46
46	17110		229		47
47	17340		230		48
48	17569		229		49
49	17799		230		50
50	18029		230		51
51	18273		244		52
52	18467		194		53
53	18707		240		54
54	18938		231		55
55	19168		230		56
56	19397		229		57
57	19626		229		58
58	19856		229		59
59	20086		230		60
60	20316		230		61
61	20546		230		62
62	20776		230		63
63	21007		230		64
64	21236		229		65
65	21466		230		66
66	21696		230		67
67	21926		230		68
68	22156		230		69
69	22387		231		70
70	22617		230		71
71	22848		231		72
72	23077		229		73
73	23307		230		74
74	23549		242		75
75	23780		231		76
76	24019		239		77
77	24249		230		78
78	24480		231		79
79	24709		229		80
80	24939		230		81
81	25169		230		82
82	25399		230		83
83	25629		230		84
84	25858		229		85
85	26088		230		86
86	26319		231		87
87	26513		194		88
88	26707		194		89
89	26900		193		90
90	27094		194		91
91	27287		193		92
92	27480		193		93
93	27674		194		94
94	27868		194		95
95	28083		215		96
96	28313		230		97
97	28544		231		98
98	28773		229		99
99	29002		229		100
100	29232		230		101
101	29473		241		102
102	29712		239		103
103	29941		229		104
104	30171		230		105
105	30403		232		106
106	30633		230		107
107	30862		229		108
108	31091		229		109
109	31321		229		110
110	31551		230		111
111	31780		229		112
112	32010		230		113
113	32239		229		114
114	32469		230		115
115	32700		231		116
116	32929		229		117
117	33158		229		118
118	33387		229		119
119	33617		230		120
120	33847		230		121
121	34077		230		122
122	34307		230		123
123	34537		230		124
124	34767		230		125
125	34999		232		126
126	35229		230		127
127	35458		229		128
128	35688		230		129
129	35917		229		130
130	36147		230		131
131	36377		230		132
132	36607		230		133
133	36836		229		134
134	37066		230		135
135	37296		230		136
136	37525		229		137
137	37754		228		138
138	37984		230		139
139	38214		230		140
140	38443		229		141
141	38664		221		142
142	38872		208		143
143	39101		229		144
144	39331		230		145
145	39561		230		146
146	39791		230		147
147	40021		230		148
148	40251		230		149
149	40480		229		150
150	40710		229		151
151	40940		230		152
152	41179		239		153
153	41373		194		154
154	41597		224		155
155	41827		230		156
156	42057		230		157
157	42288		231		158
158	42518		230		159
159	42748		230		160
160	42977		229		161
161	43207		229		162
162	43401		194		163
163	43636		235		164
164	43866		230		165
165	44096		230		166
166	44325		229		167
167	44556		231		168
168	44785		229		169
169	45015		230		170
170	45245		230		171
171	45474		229		172
172	45711		237		173
173	45905		193		174
174	46138		233		175
175	46332		194		176
176	46566		234		177
177	46797		231		178
178	47026		229		179
179	47256		230		180
180	47486		230		181
181	47716		230		182
182	47945		229		183
183	48175		230		184
184	48405		230		185
185	48636		231		186
186	48866		230		187
187	49096		230		188
188	49326		230		189
189	49556		230		190
190	49786		230		191
191	50015		229		192
192	50245		230		193
193	50474		229		194
194	50704		229		195
195	50934		230		196
196	51164		230		197
197	51394		230		198
198	51624		230		199
199	51854		230		200
200	52084		230		201
201	52314		230		202
202	52544		230		203
203	52773		229		204
204	53002		229		205
205	53232		230		206
206	53462		230		207
207	53691		229		208
208	53921		230		209
209	54151		230		210
210	54381		230		211
211	54611		230		212
212	54841		230		213
213	55072		230		214
214	55302		230		215
215	55532		230		216
216	55762		230		217
217	55992		230		218
218	56221		229		219
219	56452		231		220
220	56681		229		221
221	56911		230		222
222	57141		230		223
223	57371		230		224
224	57601		230		225
225	57831		230		226
226	58061		230		227
227	58290		229		228
228	58522		232		229
229	58752		230		230
230	58982		230		231
231	59212		230		232
232	59442		230		233
233	59671		229		234
234	59900		229		235
235	60131		231		236
236	60361		230		237
237	60591		230		238
238	60820		229		239
239	61051		231		240
240	61282		231		241
241	61512		230		242
242	61742		230		243
243	61972		230		244
244	62201		229		245
245	62432		231		246
246	62661		229		247
247	62891		230		248
248	63121		230		249
249	63351		230		250
250	63581		230		251
251	63810		229		252
252	64040		230		253
253	64271		231		254
254	64501		230		255
255	64731		230		256
256	64961		230		257
257	65190		229		258
258	65420		230		259
259	65651		231		260
260	65880		229		261
261	66110		230		262
262	66340		230		263
263	66569		229		264
264	66799		230		265
265	67028		229		266
266	67258		229		267
267	67488		230		268
268	67718		230		269
269	67948		230		270
270	68178		230		271
271	68407		229		272
272	68637		230		273
273	68867		230		274
274	69097		229		275
275	69326		229		276
276	69556		230		277
277	69785		229		278
278	70015		230		279
279	70246		231		280
280	70476		230		281
281	70706		230		282
282	70936		230		283
283	71166		230		284
284	71395		229		285
285	71625		230		286
286	71854		229		287
287	72084		230		288
288	72314		230		289
289	72545		231		290
290	72774		229		291
291	73004		230		292
292	73233		229		293
293	73463		230		294
294	73693		230		295
295	73922		229		296
296	74152		230		297
297	74382		230		298
298	74612		230		299
299	74842		230		300
300	75072		230		301
301	75302		230		302
302	75532		230		303
303	75762		230		304
304	75993		231		305
305	76222		229		306
306	76452		230		307
307	76682		230		308
308	76911		229		309
309	77140		229		310
310	77371		231		311
311	77601		230		312
312	77830		229		313
313	78060		230		314
314	78290		230		315
315	78519		229		316
316	78749		230		317
317	78979		230		318
318	79208		229		319
319	79438		229		320
320	79667		229		321
321	79897		230		322
322	80127		230		323
323	80356		229		324
324	80586		230		325
325	80816		230		326
326	81045		229		327
327	81275		230		328
328	81504		229		329
329	81734		229		330
330	81966		232		331
331	82197		231		332
332	82405		208		333
333	82629		224		334
334	82858		229		335
335	83088		230		336
336	83318		230		337
337	83548		230		338
338	83779		231		339
339	84008		229		340
340	84238		230		341
341	84467		229		342
342	84697		230		343
343	84927		230		344
344	85156		229		345
345	85386		230		346
346	85616		230		347
347	85846		230		348
348	86075		229		349
349	86316		241		350
350	86555		239		351
351	86784		229		352
352	87014		230		353
353	87244		230		354
354	87475		231		355
355	87704		229		356
356	87935		231		357
357	88164		229		358
358	88394		230		359
359	88624		230		360
360	88853		229		361
361	89083		230		362
362	89312		229		363
363	89542		230		364
364	89772		230		365
365	90001		229		366
366	90232		231		367
367	90461		229		368
368	90690		229		369
369	90920		230		370
370	91149		229		371
371	91379		230		372
372	91609		230		373
373	91838		229		374
374	92068		230		375
375	92298		230		376
376	92527		229		377
377	92757		230		378
378	92987		230		379
379	93217		230		380
380	93446		229		381
381	93678		232		382
382	93907		229		383
383	94137		230		384
384	94367		230		385
385	94596		229		386
386	94826		230		387
387	95056		230		388
388	95284		228		389
389	95515		231		390
390	95744		229		391
391	95974		230		392
392	96203		229		393
393	96433		229		394
394	96663		230		395
395	96893		230		396
396	97122		229		397
397	97352		230		398
398	97581		229		399
399	97811		230		400
400	98042		231		401
401	98272		230		402
402	98502		230		403
403	98732		230		404
404	98962		230		405
405	99192		230		406
406	99422		230		407
407	99651		229		408
408	99881		230		409
409	100111		230		410
410	100341		230		411
411	100570		229		412
412	100800		230		413
413	101030		230		414
414	101259		229		415
415	101489		230		416
416	101719		230		417
417	101950		231		418
418	102179		229		419
419	102409		230		420
420	102641		232		421
421	102835		194		422
422	103068		233		423
423	103297		229		424
424	103527		229		425
425	103757		230		426
426	103987		230		427
427	104217		230		428
428	104446		229		429
429	104676		230		430
430	104906		230		431
431	105136		230		432
432	105367		231		433
433	105597		230		434
434	105827		230		435
435	106056		229		436
436	106286		230		437
437	106482		194		438
438	106718		236		439
439	106947		229		440
440	107178		231		441
441	107408		230		442
442	107627		219		443
443	107837		210		444
444	108066		229		445
445	108296		230		446
446	108526		230		447
447	108755		229		448
448	108985		230		449
449	109214		229		450
450	109444		229		451
451	109674		230		452
452	109903		229		453
453	110133		230		454
454	110365		232		455
455	110595		230		456
456	110824		229		457
457	111056		230		458
458	111287		231		459
459	111516		229		460
460	111747		231		461
461	111977		230		462
462	112206		229		463
463	112436		230		464
464	112665		229		465
465	112895		230		466
466	113125		229		467
467	113355		230		468
468	113584		229		469
469	113814		230		470
470	114044		230		471
471	114276		232		472
472	114469		193		473
473	114706		237		474
474	114936		230		475
475	115167		231		476
476	115397		230		477
477	115627		230		478
478	115857		230		479
479	116086		229		480
480	116316		230		481
481	116548		230		482
482	116778		230		483
483	117009		231		484
484	117241		232		485
485	117471		230		486
486	117700		229		487
487	117930		230		488
488	118159		229		489
489	118390		231		490
490	118619		229		491
491	118849		230		492
492	119078		229		493
493	119308		230		494
494	119538		230		495
495	119768		230		496
496	119998		230		497
497	120228		230		498
498	120457		229		499
499	120687		230		500
500	120917		230		501
501	121147		230		502
502	121376		229		503
503	121606		230		504
504	121836		230		505
505	122066		230		506
506	122296		230		507
507	122526		230		508
508	122756		230		509
509	122988		232		510
510	123218		230		511
511	123448		230		512
512	123677		229		513
513	123907		230		514
514	124138		231		515
515	124368		230		516
516	124597		229		517
517	124827		229		518
518	125057		230		519
519	125288		231		520
520	125518		230		521
521	125748		230		522
522	125978		230		523
523	126208		230		524
524	126438		230		525
525	126668		230		526
526	126898		230		527
527	127128		230		528
528	127358		230		529
529	127588		230		530
530	127817		229		531
531	128047		230		532
532	128276		229		533
533	128505		229		534
534	128736		230		535
535	128967		231		536
536	129197		230		537
537	129426		229		538
538	129656		230		539
539	129886		230		540
540	130115		229		541
541	130345		230		542
542	130575		230		543
543	130805		230		544
544	131034		229		545
545	131265		231		546
546	131494		229		547
547	131724		230		548
548	131953		229		549
549	132184		231		550
550	132414		230		551
551	132644		230		552
552	132873		229		553
553	133104		230		554
554	133333		229		555
555	133563		230		556
556	133794		230		557
557	134024		230		558
558	134254		230		559
559	134484		230		560
560	134713		229		561
561	134943		230		562
562	135172		229		563
563	135402		230		564
564	135632		230		565
565	135861		229		566
566	136091		230		567
567	136320		229		568
568	136549		229		569
569	136779		230		570
570	137008		229		571
571	137238		230		572
572	137468		230		573
573	137697		229		574
574	137927		230		575
575	138157		230		576
576	138387		230		577
577	138616		229		578
578	138847		230		579
579	139076		229		580
580	139306		230		581
581	139535		229		582
582	139765		229		583
583	139995		230		584
584	140225		230		585
585	140455		230		586
586	140687		232		587
587	140916		229		588
588	141145		229		589
589	141375		230		590
590	141605		230		591
591	141834		229		592
592	142064		230		593
593	142293		229		594
594	142523		230		595
595	142753		230		596
596	142983		230		597
597	143212		229		598
598	143442		230		599
599	143672		230		600
600	143901		229		601
601	144131		230		602
602	144360		229		603
603	144589		229		604
604	144818		229		605
605	145049		231		606
606	145279		230		607
607	145508		229		608
608	145739		230		609
609	145969		230		610
610	146200		231		611
611	146430		230		612
612	146659		229		613
613	146889		230		614
614	147119		230		615
615	147348		229		616
616	147578		230		617
617	147808		230		618
618	148037		229		619
619	148267		230		620
620	148496		229		621
621	148726		230		622
622	148955		229		623
623	149184		229		624
624	149415		231		625
625	149644		229		626
626	149874		230		627
627	150104		230		628
628	150333		229		629
629	150563		230		630
630	150792		229		631
631	151022		230		632
632	151251		229		633
633	151481		230		634
634	151711		230		635
635	151941		230		636
636	152171		230		637
637	152404		233		638
638	152634		230		639
639	152864		230		640
640	153093		229		641
641	153323		230		642
642	153553		230		643
643	153782		229		644
644	154012		230		645
645	154243		231		646
646	154472		229		647
647	154702		230		648
648	154932		230		649
649	155162		230		650
650	155392		230		651
651	155623		231		652
652	155852		229		653
653	156083		231		654
654	156312		229		655
655	156542		230		656
656	156772		230		657
657	157001		229		658
658	157231		230		659
659	157460		229		660
660	157690		229		661
661	157920		230		662
662	158150		230		663
663	158380		230		664
664	158609		229		665
665	158839		230		666
666	159069		230		667
667	159299		230		668
668	159528		229		669
669	159758		230		670
670	159987		229		671
671	160218		231		672
672	160447		229		673
673	160678		230		674
674	160907		229		675
675	161137		230		676
676	161367		230		677
677	161596		229		678
678	161826		230		679
679	162056		230		680
680	162285		229		681
681	162515		230		682
682	162746		231		683
683	162975		229		684
684	163205		230		685
685	163434		229		686
686	163664		230		687
687	163894		230		688
688	164125		231		689
689	164355		230		690
690	164585		230		691
691	164815		230		692
692	165044		229		693
693	165274		230		694
694	165503		229		695
695	165734		231		696
696	165964		230		697
697	166193		229		698
698	166423		230		699
699	166653		230		700
700	166882		229		701
701	167112		230		702
702	167342		230		703
703	167572		230		704
704	167801		229		705
705	168031		230		706
706	168260		229		707
707	168490		230		708
708	168720		230		709
709	168949		229		710
710	169179		230		711
711	169409		230		712
712	169639		230		713
713	169868		229		714
714	170098		230		715
715	170328		230		716
716	170557		229		717
717	170787		230		718
718	171016		229		719
719	171245		229		720
720	171475		230		721
721	171705		230		722
722	171934		229		723
723	172164		230		724
724	172393		229		725
725	172623		229		726
726	172853		230		727
727	173083		230		728
728	173312		229		729
729	173542		230		730
730	173771		229		731
731	174001		229		732
732	174230		229		733
733	174460		230		734
734	174690		229		735
735	174920		230		736
736	175150		230		737
737	175381		230		738
738	175610		229		739
739	175841		231		740
740	176072		231		741
741	176302		230		742
742	176532		230		743
743	176762		230		744
744	176991		229		745
745	177221		230		746
746	177451		230		747
747	177681		230		748
748	177911		230		749
749	178140		229		750
750	178370		230		751
751	178600		230		752
752	178829		229		753
753	179059		230		754
754	179289		230		755
755	179518		229		756
756	179748		230		757
757	179978		230		758
758	180208		229		759
759	180438		230		760
760	180667		229		761
761	180897		230		762
762	181127		229		763
763	181357		230		764
764	181587		230		765
765	181817		230		766
766	182046		229		767
767	182277		231		768
768	182506		229		769
769	182736		230		770
770	182966		230		771
771	183196		230		772
772	183425		229		773
773	183655		230		774
774	183886		231		775
775	184116		230		776
776	184345		229		777
777	184575		230		778
778	184804		229		779
779	185034		230		780
780	185264		230		781
781	185493		229		782
782	185723		230		783
783	185954		230		784
784	186184		230		785
785	186414		230		786
786	186643		229		787
787	186873		230		788
788	187103		230		789
789	187333		230		790
790	187562		229		791
791	187794		232		792
792	188024		230		793
793	188253		229		794
794	188483		230		795
795	188712		229		796
796	188941		229		797
797	189172		231		798
798	189402		230		799
799	189631		229		800
800	189862		231		801
801	190092		230		802
802	190322		230		803
803	190552		230		804
804	190781		229		805
805	191011		230		806
806	191240		229		807
807	191470		230		808
808	191699		229		809
809	191929		229		810
810	192158		229		811
811	192388		230		812
812	192618		230		813
813	192847		229		814
814	193077		230		815
815	193307		230		816
816	193536		229		817
817	193766		230		818
818	193995		229		819
819	194225		230		820
820	194456		231		821
821	194686		230		822
822	194915		229		823
823	195146		230		824
824	195375		229		825
825	195606		231		826
826	195836		230		827
827	196065		229		828
828	196295		230		829
829	196524		229		830
830	196754		229		831
831	196984		230		832
832	197213		229		833
833	197443		230		834
834	197673		230		835
835	197903		230		836
836	198133		230		837
837	198363		230		838
838	198592		229		839
839	198821		229		840
840	199050		229		841
841	199280		230		842
842	199512		232		843
843	199742		230		844
844	199971		229		845
845	200201		230		846
846	200431		229		847
847	200661		230		848
848	200890		229		849
849	201120		230		850
850	201351		231		851
851	201580		229		852
852	201810		230		853
853	202039		229		854
854	202269		230		855
855	202499		230		856
856	202728		229		857
857	202957		229		858
858	203188		230		859
859	203417		229		860
860	203647		229		861
861	203877		230		862
862	204106		229		863
863	204336		230		864
864	204565		229		865
865	204796		231		866
866	205026		230		867
867	205257		230		868
868	205486		229		869
869	205716		230		870
870	205945		229		871
871	206176		230		872
872	206405		229		873
873	206634		229		874
874	206864		230		875
875	207093		229		876
876	207322		229		877
877	207552		229		878
878	207783		231		879
879	208012		229		880
880	208242		230		881
881	208472		230		882
882	208701		229		883
883	208931		230		884
884	209161		230		885
885	209392		231		886
886	209621		229		887
887	209850		229		888
888	210080		230		889
889	210310		230		890
890	210540		230		891
891	210770		230		892
892	210999		229		893
893	211232		233		894
894	211461		229		895
895	211691		230		896
896	211920		229		897
897	212151		231		898
898	212380		229		899
899	212610		230		900
900	212839		229		901
901	213069		230		902
902	213298		229		903
903	213528		230		904
904	213758		230		905
905	213987		229		906
906	214217		230		907
907	214446		229		908
908	214677		231		909
909	214906		229		910
910	215135		229		911
911	215365		230		912
912	215595		230		913
913	215825		230		914
914	216054		229		915
915	216283		229		916
916	216513		230		917
917	216742		229		918
918	216972		230		919
919	217202		230		920
920	217431		229		921
921	217661		230		922
922	217890		229		923
923	218119		229		924
924	218348		229		925
925	218578		230		926
926	218808		230		927
927	219037		229		928
928	219266		229		929
929	219497		230		930
930	219727		230		931
931	219957		230		932
932	220187		230		933
933	220416		229		934
934	220646		229		935
935	220876		230		936
936	221106		230		937
937	221335		229		938
938	221564		229		939
939	221794		230		940
940	222025		231		941
941	222255		230		942
942	222485		230		943
943	222714		229		944
944	222946		232		945
945	223176		229		946
946	223406		230		947
947	223635		229		948
948	223865		229		949
949	224095		230		950
950	224325		230		951
951	224554		229		952
952	224784		230		953
953	225014		230		954
954	225243		229		955
955	225473		230		956
956	225703		229		957
957	225933		229		958
958	226163		229		959
959	226377		214		960
960	226593		216		961
961	226823		230		962
962	227052		229		963
963	227283		231		964
964	227512		229		965
965	227743		231		966
966	227973		230		967
967	228203		230		968
968	228432		229		969
969	228662		230		970
970	228892		230		971
971	229122		230		972
972	229351		229		973
973	229581		230		974
974	229811		230		975
975	230040		229		976
976	230269		229		977
977	230500		230		978
978	230729		229		979
979	230958		229		980
980	231188		230		981
981	231417		229		982
982	231647		230		983
983	231877		230		984
984	232107		230		985
985	232337		230		986
986	232568		231		987
987	232797		229		988
988	233027		230		989
989	233257		230		990
990	233487		230		991
991	233717		230		992
992	233946		229		993
993	234180		231		994
994	234410		230		995
995	234640		230		996
996	234871		231		997
997	235101		230		998
998	235331		230		999
999	235560		229		1000
