Task_cnt	Time(us)		Latency		post_rdma_write
1		223827.70		236.81		0.86
2		224055.26		226.59		0.27
3		224301.81		246.53		0.12
4		224493.03		191.20		0.28
5		224735.48		242.43		0.11
6		224962.03		226.53		0.23
7		225189.55		227.50		0.35
8		225416.33		226.77		0.13
9		225643.12		226.77		0.21
10		225870.14		227.00		0.10
11		226097.68		227.52		0.10
12		226325.07		227.37		0.10
13		226552.70		227.62		0.10
14		226779.92		227.20		0.11
15		227006.88		226.95		0.10
16		227234.74		227.84		0.09
17		227462.75		227.99		0.21
18		227699.12		236.35		0.09
19		227938.01		238.87		0.19
20		228164.67		226.65		0.19
21		228397.07		232.38		1.86
22		228620.71		223.62		0.33
23		228847.65		226.92		0.20
24		229074.15		226.49		0.09
25		229301.55		227.38		0.22
26		229529.17		227.60		0.09
27		229756.03		226.85		0.11
28		229982.48		226.43		0.09
29		230208.66		226.17		0.10
30		230436.30		227.62		0.10
31		230663.17		226.85		0.09
32		230890.31		227.13		0.09
33		231127.51		237.18		0.21
34		231365.11		237.58		0.19
35		231592.20		227.08		0.19
36		231818.88		226.66		0.09
37		232047.40		228.51		0.14
38		232285.27		237.85		0.10
39		232477.21		191.92		0.22
40		232717.75		240.52		0.10
41		232944.59		226.82		0.27
42		233171.10		226.50		0.09
43		233398.03		226.91		0.09
44		233625.71		227.67		0.09
45		233853.58		227.86		0.09
46		234080.39		226.79		0.10
47		234308.05		227.64		0.09
48		234534.79		226.72		0.09
49		234761.46		226.65		0.20
50		234988.51		227.03		0.09
51		235216.23		227.71		0.09
52		235443.03		226.78		0.09
53		235670.32		227.27		0.09
54		235897.09		226.75		0.10
55		236124.35		227.25		0.09
56		236345.06		220.69		0.09
57		236563.64		218.57		0.30
58		236791.28		227.62		0.20
59		237018.40		227.10		0.09
60		237245.36		226.94		0.10
61		237472.71		227.33		0.10
62		237699.77		227.05		0.10
63		237926.68		226.89		0.09
64		238153.83		227.13		0.09
65		238381.87		228.02		0.19
66		238608.81		226.92		0.09
67		238835.27		226.44		0.09
68		239062.29		227.00		0.09
69		239289.98		227.67		0.09
70		239517.09		227.09		0.10
71		239744.08		226.97		0.09
72		239972.72		228.62		1.39
73		240200.43		227.70		0.21
74		240401.93		201.48		0.11
75		240622.28		220.34		0.09
76		240825.74		203.44		0.09
77		241044.30		218.54		0.10
78		241271.18		226.86		0.11
79		241498.40		227.21		0.09
80		241725.80		227.38		0.09
81		241952.95		227.13		0.20
82		242179.79		226.83		0.09
83		242407.00		227.19		0.09
84		242633.90		226.88		0.09
85		242861.96		228.04		0.10
86		243088.61		226.63		0.10
87		243315.98		227.35		0.09
88		243543.49		227.49		0.09
89		243771.20		227.68		0.22
90		243998.15		226.94		0.09
91		244225.41		227.23		0.09
92		244438.48		213.05		0.14
93		244647.00		208.50		0.10
94		244874.24		227.23		0.10
95		245101.32		227.06		0.10
96		245329.00		227.67		0.09
97		245556.34		227.31		0.20
98		245782.77		226.41		0.09
99		246009.50		226.71		0.09
100		246236.99		227.48		0.09
101		246463.99		226.98		0.10
102		246690.72		226.72		0.09
103		246917.14		226.40		0.09
104		247143.94		226.79		0.09
105		247371.58		227.62		0.22
106		247598.55		226.96		0.09
107		247825.61		227.04		0.09
108		248052.66		227.03		0.09
109		248289.09		236.41		0.10
110		248526.39		237.28		0.22
111		248753.83		227.42		0.19
112		248981.48		227.63		0.09
113		249208.44		226.95		0.20
114		249435.51		227.05		0.09
115		249662.69		227.16		0.09
116		249890.26		227.56		0.09
117		250117.89		227.60		0.10
118		250349.01		231.10		0.10
119		250542.02		192.99		0.15
120		250774.97		232.93		0.09
121		251002.77		227.78		0.21
122		251229.50		226.71		0.09
123		251457.49		227.97		2.02
124		251684.33		226.83		0.10
125		251911.15		226.80		0.14
126		252137.32		226.15		0.15
127		252353.43		216.09		0.09
128		252558.51		205.05		0.18
129		252785.74		227.22		0.20
130		253013.04		227.28		0.10
131		253240.01		226.96		0.10
132		253467.17		227.14		0.09
133		253695.40		228.22		0.10
134		253922.73		227.31		0.10
135		254150.30		227.56		0.09
136		254377.48		227.16		0.09
137		254605.14		227.64		0.21
138		254832.52		227.36		0.09
139		255059.57		227.04		0.09
140		255286.43		226.84		0.09
141		255514.08		227.63		0.10
142		255740.85		226.75		0.10
143		255967.88		227.01		0.09
144		256195.00		227.10		0.09
145		256398.53		203.51		0.23
146		256620.55		222.00		0.10
147		256847.59		227.02		0.10
148		257074.95		227.34		0.09
149		257302.71		227.74		0.10
150		257529.39		226.66		0.10
151		257756.47		227.07		0.09
152		257983.69		227.20		0.09
153		258211.55		227.85		0.22
154		258438.36		226.78		0.09
155		258665.80		227.43		0.09
156		258892.91		227.09		0.09
157		259120.13		227.20		0.10
158		259346.97		226.83		0.10
159		259574.34		227.35		0.09
160		259800.94		226.58		0.09
161		260028.25		227.29		0.20
162		260255.95		227.69		0.09
163		260482.85		226.89		0.15
164		260709.34		226.47		0.10
165		260936.18		226.83		0.11
166		261162.48		226.28		0.10
167		261389.41		226.91		0.09
168		261616.33		226.90		0.10
169		261843.89		227.55		0.22
170		262080.50		236.60		0.09
171		262307.29		226.77		0.20
172		262542.96		235.65		0.10
173		262770.63		227.65		0.19
174		262997.81		227.17		0.10
175		263224.70		226.87		0.19
176		263452.61		227.89		0.16
177		263680.03		227.40		0.19
178		263907.29		227.25		0.16
179		264134.46		227.15		0.09
180		264352.66		218.19		0.19
181		264577.40		224.72		0.26
182		264804.95		227.53		0.20
183		265032.08		227.12		0.13
184		265258.82		226.72		0.29
185		265486.28		227.45		0.22
186		265713.92		227.62		0.10
187		265940.80		226.86		0.10
188		266167.51		226.69		0.09
189		266394.78		227.25		0.10
190		266622.61		227.81		0.11
191		266860.27		237.64		0.09
192		267097.30		237.02		0.20
193		267325.54		228.23		0.25
194		267552.91		227.35		0.10
195		267780.16		227.23		0.10
196		268007.61		227.44		0.09
197		268235.00		227.37		0.10
198		268461.68		226.67		0.13
199		268689.04		227.35		0.10
200		268915.74		226.69		0.10
201		269142.86		227.10		0.21
202		269369.65		226.77		0.09
203		269597.33		227.67		0.09
204		269824.13		226.78		0.10
205		270051.62		227.47		0.10
206		270278.20		226.56		0.11
207		270505.31		227.09		0.09
208		270732.35		227.02		0.10
209		270959.82		227.45		0.20
210		271186.72		226.88		0.09
211		271413.64		226.90		0.10
212		271639.84		226.18		0.10
213		271867.31		227.45		0.10
214		272093.69		226.37		0.10
215		272311.09		217.37		1.98
216		272516.84		205.72		0.13
217		272745.13		228.27		0.22
218		272971.89		226.75		0.10
219		273199.03		227.12		0.10
220		273425.29		226.24		0.09
221		273652.66		227.35		0.12
222		273879.25		226.57		0.10
223		274105.96		226.70		0.09
224		274332.97		226.99		0.09
225		274561.14		228.15		0.20
226		274787.49		226.34		0.09
227		275014.41		226.90		0.09
228		275241.67		227.24		0.10
229		275468.71		227.02		0.10
230		275695.81		227.08		0.10
231		275922.72		226.89		0.09
232		276150.45		227.71		0.09
233		276378.10		227.63		0.22
234		276604.48		226.36		0.10
235		276831.05		226.56		0.10
236		277057.77		226.70		0.10
237		277285.82		228.03		0.10
238		277512.78		226.95		0.10
239		277739.36		226.56		0.09
240		277966.53		227.15		0.09
241		278194.57		228.02		0.19
242		278421.07		226.49		0.09
243		278648.45		227.36		0.10
244		278875.74		227.28		0.09
245		279103.35		227.59		0.10
246		279330.60		227.23		0.10
247		279558.53		227.91		0.09
248		279775.50		216.95		0.09
249		279991.95		216.44		0.17
250		280185.72		193.74		0.15
251		280399.09		213.36		0.16
252		280602.12		203.01		0.10
253		280795.04		192.91		0.11
254		280989.49		194.43		0.11
255		281180.84		191.33		0.10
256		281372.22		191.37		0.10
257		281575.03		202.79		0.16
258		281765.71		190.66		0.09
259		281957.09		191.37		0.09
260		282148.53		191.41		0.10
261		282339.18		190.64		0.10
262		282529.88		190.69		0.10
263		282721.39		191.49		0.09
264		282922.47		201.06		0.09
265		283123.54		201.05		0.17
266		283357.75		234.20		0.09
267		283587.02		229.25		2.29
268		283814.11		227.07		0.10
269		284041.31		227.19		0.10
270		284268.61		227.27		0.10
271		284459.25		190.62		0.16
272		284690.60		231.34		0.10
273		284918.13		227.51		0.20
274		285145.27		227.12		0.10
275		285371.97		226.69		0.10
276		285598.64		226.65		0.09
277		285825.68		227.02		0.10
278		286052.75		227.05		0.10
279		286279.43		226.66		0.09
280		286506.76		227.32		0.09
281		286733.65		226.87		0.21
282		286961.17		227.50		0.09
283		287188.07		226.88		0.09
284		287415.24		227.15		0.12
285		287642.49		227.24		0.10
286		287869.60		227.09		0.10
287		288095.86		226.24		0.09
288		288308.89		213.01		0.09
289		288520.48		211.56		0.20
290		288747.59		227.10		0.10
291		288973.94		226.33		0.09
292		289200.96		227.00		0.10
293		289428.96		227.99		0.10
294		289655.76		226.78		0.10
295		289882.84		227.07		0.09
296		290110.73		227.87		0.09
297		290337.56		226.81		0.21
298		290564.78		227.20		0.09
299		290791.91		227.11		0.10
300		291020.24		228.32		0.09
301		291247.65		227.39		0.10
302		291475.49		227.83		0.10
303		291702.41		226.90		0.09
304		291929.77		227.34		0.09
305		292157.94		228.13		0.19
306		292367.59		209.63		0.17
307		292580.35		212.75		0.10
308		292806.68		226.32		0.10
309		293033.86		227.16		0.11
310		293261.47		227.59		0.10
311		293488.68		227.19		0.09
312		293715.42		226.72		0.09
313		293943.23		227.79		0.21
314		294170.21		226.96		0.09
315		294397.01		226.78		0.09
316		294623.48		226.46		0.09
317		294850.37		226.87		0.11
318		295078.94		228.55		1.36
319		295306.21		227.25		0.11
320		295533.09		226.86		0.10
321		295761.21		228.11		0.20
322		295987.55		226.32		0.10
323		296224.20		236.62		0.10
324		296414.33		190.11		0.17
325		296636.67		222.33		0.11
326		296863.29		226.60		0.11
327		297090.38		227.08		0.10
328		297317.31		226.91		0.09
329		297545.58		228.25		0.21
330		297766.22		220.62		0.09
331		297957.40		191.16		0.09
332		298148.47		191.05		0.09
333		298369.68		221.19		0.10
334		298596.28		226.58		0.10
335		298822.34		226.05		0.10
336		299049.53		227.17		0.09
337		299277.70		228.16		0.20
338		299504.25		226.53		0.09
339		299731.19		226.93		0.10
340		299958.17		226.97		0.09
341		300185.47		227.28		0.10
342		300387.34		201.85		0.18
343		300607.99		220.63		0.09
344		300835.04		227.03		0.10
345		301063.20		228.14		0.21
346		301289.63		226.41		0.09
347		301516.34		226.70		0.09
348		301743.83		227.47		0.09
349		301982.23		238.39		0.10
350		302218.43		236.18		0.20
351		302445.55		227.10		0.19
352		302672.13		226.56		0.10
353		302899.63		227.48		0.20
354		303127.08		227.44		0.09
355		303354.31		227.21		0.10
356		303581.20		226.87		0.09
357		303808.40		227.19		0.11
358		304035.57		227.16		0.10
359		304262.44		226.85		0.09
360		304488.88		226.42		0.15
361		304715.96		227.07		0.22
362		304942.84		226.86		0.10
363		305170.05		227.20		0.10
364		305397.11		227.03		0.09
365		305624.88		227.76		0.11
366		305852.84		227.94		0.10
367		306079.64		226.78		0.09
368		306306.42		226.77		0.09
369		306533.63		227.18		1.16
370		306760.69		227.05		0.10
371		306987.91		227.21		0.10
372		307215.05		227.12		0.09
373		307442.72		227.65		0.10
374		307670.19		227.45		0.10
375		307897.47		227.26		0.09
376		308136.85		239.37		0.09
377		308364.86		227.99		0.29
378		308602.30		237.43		0.10
379		308829.21		226.89		0.20
380		309055.70		226.47		0.10
381		309283.14		227.42		0.11
382		309510.10		226.95		0.11
383		309736.87		226.74		0.09
384		309963.90		227.02		0.09
385		310191.20		227.28		0.20
386		310418.36		227.14		0.09
387		310645.49		227.11		0.09
388		310872.24		226.74		0.09
389		311099.42		227.15		0.10
390		311325.35		225.91		0.10
391		311552.55		227.19		0.09
392		311779.46		226.89		0.09
393		312006.62		227.14		0.21
394		312242.92		236.28		0.09
395		312443.88		200.94		0.13
396		312663.49		219.59		0.10
397		312890.56		227.06		0.11
398		313117.58		227.00		0.11
399		313345.25		227.65		0.10
400		313573.49		228.22		0.09
401		313800.94		227.43		0.20
402		314028.22		227.26		0.09
403		314254.72		226.48		0.09
404		314481.28		226.54		0.09
405		314708.43		227.13		0.10
406		314935.25		226.80		0.10
407		315163.70		228.43		0.09
408		315390.93		227.21		0.10
409		315619.03		228.08		0.21
410		315845.73		226.68		0.10
411		316072.80		227.06		0.09
412		316290.11		217.29		0.09
413		316494.05		203.92		0.12
414		316721.07		227.01		0.10
415		316948.20		227.11		0.10
416		317174.59		226.37		0.14
417		317401.81		227.20		0.20
418		317628.41		226.59		0.09
419		317855.30		226.87		0.09
420		318083.52		228.21		1.07
421		318310.72		227.18		0.10
422		318537.48		226.75		0.10
423		318765.17		227.67		0.10
424		318992.41		227.23		0.10
425		319219.81		227.38		0.09
426		319447.16		227.33		0.10
427		319674.92		227.74		0.09
428		319911.72		236.79		0.10
429		320149.05		237.32		0.19
430		320386.59		237.52		0.25
431		320624.58		237.96		0.19
432		320861.43		236.84		0.19
433		321091.43		229.98		2.58
434		321329.90		238.46		0.10
435		321557.09		227.17		0.20
436		321784.20		227.09		0.10
437		322011.35		227.13		0.10
438		322238.62		227.25		0.09
439		322464.96		226.33		0.10
440		322691.63		226.65		0.10
441		322919.12		227.47		0.10
442		323145.79		226.66		0.10
443		323372.62		226.81		0.09
444		323599.98		227.35		0.09
445		323827.36		227.36		0.10
446		324054.26		226.89		0.09
447		324282.09		227.81		0.09
448		324509.39		227.28		0.11
449		324736.84		227.43		0.10
450		324964.55		227.69		0.10
451		325191.44		226.88		0.10
452		325417.94		226.48		0.09
453		325644.78		226.82		0.10
454		325871.79		227.00		0.10
455		326099.30		227.49		0.09
456		326326.58		227.27		0.09
457		326553.96		227.36		0.09
458		326789.69		235.71		0.10
459		326980.09		190.38		0.10
460		327201.70		221.59		0.09
461		327428.59		226.87		0.10
462		327655.02		226.42		0.10
463		327881.95		226.90		0.09
464		328109.60		227.64		0.09
465		328320.23		210.60		0.10
466		328531.58		211.34		0.11
467		328758.40		226.80		0.10
468		328985.63		227.21		0.10
469		329213.00		227.35		0.10
470		329440.09		227.08		0.10
471		329669.18		229.07		1.43
472		329896.06		226.86		0.10
473		330123.09		227.02		0.10
474		330349.84		226.73		0.09
475		330577.28		227.42		0.09
476		330804.21		226.92		0.09
477		331031.01		226.78		0.10
478		331259.92		227.02		0.11
479		331487.46		227.52		0.09
480		331713.93		226.45		0.09
481		331941.37		227.42		0.10
482		332177.46		236.08		0.10
483		332404.77		227.29		0.21
484		332641.64		236.86		0.10
485		332868.55		226.90		0.19
486		333096.30		227.73		0.10
487		333323.46		227.14		0.10
488		333550.15		226.68		0.09
489		333778.25		228.08		0.11
490		334005.09		226.81		0.09
491		334231.95		226.85		0.09
492		334459.13		227.16		0.09
493		334685.71		226.57		0.10
494		334913.02		227.29		0.10
495		335140.39		227.35		0.09
496		335367.39		226.98		0.09
497		335594.80		227.39		0.10
498		335821.82		227.01		0.09
499		336048.42		226.58		0.09
500		336267.56		219.13		0.09
501		336472.87		205.29		0.12
502		336699.54		226.65		0.10
503		336926.39		226.83		0.10
504		337153.70		227.29		0.10
505		337381.33		227.61		0.10
506		337608.90		227.56		0.09
507		337836.20		227.28		0.09
508		338063.14		226.92		0.09
509		338289.96		226.80		0.11
510		338516.84		226.87		0.09
511		338744.03		227.17		0.09
512		338971.40		227.35		0.09
513		339198.90		227.48		0.10
514		339425.96		227.04		0.09
515		339653.39		227.42		0.10
516		339880.38		226.97		0.09
517		340108.27		227.87		0.10
518		340335.46		227.18		0.09
519		340561.81		226.32		0.12
520		340789.31		227.48		0.10
521		341016.94		227.62		0.10
522		341244.17		227.21		0.09
523		341471.96		227.77		1.35
524		341698.99		227.02		0.10
525		341926.08		227.07		0.10
526		342152.88		226.78		0.10
527		342379.79		226.90		0.10
528		342606.92		227.11		0.14
529		342835.04		228.11		0.11
530		343062.24		227.18		0.09
531		343289.39		227.12		0.09
532		343516.80		227.40		0.09
533		343744.25		227.43		0.10
534		343970.33		226.06		0.10
535		344207.94		237.59		0.09
536		344445.18		237.23		0.21
537		344672.74		227.55		0.19
538		344900.35		227.59		0.10
539		345127.77		227.40		0.09
540		345354.87		227.09		0.09
541		345582.74		227.85		0.10
542		345809.59		226.83		0.11
543		346037.01		227.40		0.10
544		346264.28		227.25		0.09
545		346492.24		227.95		0.09
546		346718.85		226.59		0.09
547		346945.92		227.05		0.09
548		347173.44		227.51		0.10
549		347402.03		228.57		0.12
550		347629.63		227.58		0.11
551		347856.21		226.56		0.09
552		348083.24		227.01		0.09
553		348297.13		213.86		0.10
554		348510.54		213.40		0.12
555		348737.49		226.93		0.10
556		348964.93		227.42		0.10
557		349191.72		226.77		0.10
558		349419.09		227.35		0.10
559		349645.83		226.73		0.10
560		349872.81		226.96		0.10
561		350099.81		226.98		0.10
562		350326.97		227.14		0.09
563		350553.72		226.74		0.10
564		350780.57		226.84		0.10
565		351007.59		227.00		0.09
566		351234.61		227.01		0.10
567		351462.47		227.84		0.09
568		351689.75		227.26		0.09
569		351916.25		226.49		0.10
570		352143.63		227.36		0.09
571		352370.54		226.90		0.12
572		352597.10		226.54		0.10
573		352824.73		227.61		0.10
574		353053.76		229.01		1.60
575		353280.89		227.11		0.10
576		353508.23		227.32		0.10
577		353735.69		227.44		0.10
578		353962.09		226.39		0.09
579		354188.94		226.83		0.09
580		354415.78		226.82		0.09
581		354642.99		227.19		0.10
582		354869.89		226.89		0.10
583		355097.06		227.15		0.09
584		355324.04		226.96		0.09
585		355551.43		227.37		0.10
586		355778.88		227.43		0.09
587		356006.16		227.27		0.09
588		356244.04		237.85		0.09
589		356481.34		237.29		0.22
590		356708.25		226.90		0.20
591		356936.12		227.85		0.10
592		357162.95		226.81		0.10
593		357390.26		227.29		0.10
594		357617.59		227.31		0.09
595		357844.21		226.61		0.09
596		358070.99		226.75		0.09
597		358298.34		227.34		0.11
598		358525.57		227.21		0.10
599		358752.91		227.32		0.09
600		358979.80		226.88		0.09
601		359207.10		227.27		0.13
602		359434.43		227.32		0.09
603		359661.91		227.45		0.09
604		359889.44		227.51		0.09
605		360117.80		228.35		0.10
606		360345.53		227.71		0.11
607		360573.03		227.48		0.10
608		360800.36		227.32		0.10
609		361028.69		228.31		0.11
610		361255.73		227.02		0.09
611		361482.74		226.99		0.10
612		361710.59		227.83		0.09
613		361938.18		227.58		0.10
614		362164.84		226.64		0.10
615		362391.41		226.55		0.09
616		362618.47		227.04		0.09
617		362847.54		229.05		0.10
618		363074.37		226.81		0.10
619		363301.64		227.26		0.09
620		363528.66		227.00		0.09
621		363755.78		227.11		0.10
622		363982.81		227.00		0.09
623		364209.93		227.10		0.09
624		364436.68		226.74		0.12
625		364664.26		227.56		0.96
626		364890.90		226.62		0.10
627		365118.28		227.36		0.09
628		365346.02		227.73		0.09
629		365573.20		227.16		0.10
630		365806.58		233.37		0.09
631		366007.74		201.14		0.09
632		366207.67		199.91		0.09
633		366398.64		190.95		0.10
634		366589.37		190.71		0.10
635		366791.66		202.28		0.09
636		366992.94		201.26		0.09
637		367183.07		190.11		0.09
638		367374.04		190.95		0.09
639		367564.62		190.56		0.09
640		367755.31		190.67		0.09
641		367957.31		201.98		0.10
642		368159.22		201.89		0.09
643		368382.23		222.99		0.11
644		368609.19		226.95		0.10
645		368835.98		226.77		0.10
646		369063.76		227.76		0.10
647		369290.74		226.96		0.10
648		369517.73		226.97		0.09
649		369745.04		227.30		0.09
650		369972.40		227.34		0.09
651		370199.44		227.02		0.09
652		370426.53		227.07		0.09
653		370653.98		227.43		0.09
654		370881.07		227.07		0.10
655		371107.58		226.49		0.10
656		371334.42		226.83		0.09
657		371561.76		227.32		0.09
658		371788.57		226.80		0.09
659		372015.20		226.61		0.09
660		372242.44		227.23		0.09
661		372479.30		236.85		0.11
662		372717.09		237.77		0.20
663		372944.42		227.32		0.19
664		373171.18		226.74		0.09
665		373399.14		227.94		0.10
666		373626.70		227.54		0.09
667		373853.33		226.62		0.10
668		374080.72		227.37		0.09
669		374308.45		227.71		0.10
670		374534.55		226.08		0.09
671		374761.19		226.62		0.09
672		374988.83		227.62		0.09
673		375215.73		226.88		0.10
674		375442.93		227.18		0.09
675		375670.11		227.16		0.09
676		375898.40		228.27		1.41
677		376125.49		227.07		0.10
678		376352.32		226.82		0.11
679		376579.51		227.17		0.10
680		376806.46		226.94		0.10
681		377033.63		227.15		0.10
682		377260.71		227.06		0.10
683		377487.91		227.18		0.09
684		377715.12		227.19		0.10
685		377942.28		227.14		0.10
686		378169.10		226.81		0.10
687		378396.18		227.07		0.09
688		378623.28		227.08		0.09
689		378849.88		226.58		0.10
690		379076.53		226.64		0.09
691		379303.21		226.66		0.10
692		379530.43		227.20		0.10
693		379757.28		226.84		0.10
694		379983.93		226.63		0.09
695		380211.33		227.38		0.10
696		380401.84		190.49		0.11
697		380637.55		235.70		0.10
698		380865.17		227.60		0.10
699		381092.18		226.99		0.10
700		381319.10		226.90		0.10
701		381546.80		227.68		0.09
702		381773.43		226.60		0.10
703		381999.97		226.53		0.09
704		382227.28		227.29		0.09
705		382455.77		228.48		0.09
706		382682.48		226.70		0.09
707		382909.53		227.03		0.09
708		383137.32		227.78		0.09
709		383364.15		226.82		0.10
710		383591.23		227.06		0.09
711		383818.37		227.12		0.09
712		384045.61		227.23		0.09
713		384273.67		228.04		0.09
714		384500.52		226.83		0.11
715		384727.23		226.68		0.10
716		384954.43		227.18		0.38
717		385180.93		226.49		0.10
718		385407.74		226.79		0.10
719		385634.28		226.52		0.09
720		385861.55		227.25		0.09
721		386089.15		227.59		0.10
722		386316.24		227.07		0.09
723		386543.03		226.77		0.09
724		386771.00		227.96		0.09
725		386997.67		226.65		0.09
726		387224.43		226.73		0.09
727		387453.56		229.11		1.56
728		387680.65		227.07		0.11
729		387907.19		226.53		0.10
730		388133.87		226.65		0.10
731		388361.17		227.28		0.15
732		388588.58		227.40		0.10
733		388815.61		227.02		0.11
734		389043.24		227.61		0.10
735		389270.31		227.05		0.10
736		389498.01		227.68		0.12
737		389725.37		227.35		0.10
738		389952.30		226.91		0.09
739		390179.20		226.88		0.09
740		390405.94		226.72		0.09
741		390633.82		227.86		0.13
742		390860.78		226.94		0.09
743		391087.67		226.88		0.09
744		391314.33		226.64		0.09
745		391541.09		226.74		0.10
746		391768.76		227.65		0.09
747		391995.71		226.93		0.09
748		392222.58		226.85		0.10
749		392450.21		227.62		0.13
750		392676.98		226.75		0.10
751		392904.15		227.15		0.10
752		393130.61		226.45		0.09
753		393357.56		226.94		0.10
754		393583.91		226.33		0.09
755		393810.83		226.91		0.09
756		394038.17		227.31		0.09
757		394266.21		228.03		0.10
758		394493.35		227.12		0.10
759		394720.49		227.13		0.09
760		394947.31		226.80		0.09
761		395173.94		226.61		0.10
762		395401.53		227.57		0.09
763		395628.76		227.21		0.09
764		395856.23		227.45		0.09
765		396083.89		227.65		0.10
766		396311.58		227.67		0.10
767		396538.83		227.24		0.13
768		396766.03		227.18		0.10
769		396992.80		226.75		0.10
770		397219.36		226.54		0.10
771		397446.12		226.75		0.09
772		397672.75		226.61		0.09
773		397901.08		228.31		0.10
774		398128.23		227.13		0.10
775		398355.69		227.44		0.09
776		398582.77		227.07		0.09
777		398810.17		227.38		0.10
778		399036.93		226.75		0.09
779		399265.43		228.48		1.15
780		399492.11		226.66		0.11
781		399719.53		227.40		0.11
782		399947.10		227.55		0.10
783		400173.89		226.77		0.09
784		400400.82		226.92		0.13
785		400638.18		237.34		0.11
786		400874.98		236.79		0.19
787		401102.13		227.12		0.19
788		401329.57		227.43		0.10
789		401557.55		227.96		0.11
790		401784.42		226.85		0.10
791		402011.61		227.18		0.09
792		402239.38		227.75		0.09
793		402466.27		226.87		0.10
794		402692.84		226.55		0.09
795		402919.49		226.63		0.09
796		403146.16		226.65		0.09
797		403373.00		226.82		0.09
798		403600.19		227.17		0.10
799		403827.33		227.11		0.09
800		404054.57		227.23		0.09
801		404281.78		227.19		0.10
802		404509.18		227.38		0.13
803		404736.09		226.89		0.10
804		404962.95		226.84		0.10
805		405190.56		227.59		0.10
806		405417.68		227.10		0.10
807		405644.77		227.07		0.09
808		405871.73		226.94		0.09
809		406100.01		228.26		0.10
810		406326.76		226.73		0.09
811		406553.92		227.14		0.09
812		406780.70		226.76		0.09
813		407008.45		227.74		0.10
814		407235.16		226.69		0.11
815		407462.78		227.60		0.09
816		407690.73		227.93		0.09
817		407919.11		228.36		0.09
818		408146.80		227.67		0.09
819		408373.95		227.13		0.13
820		408601.85		227.88		0.10
821		408828.52		226.65		0.10
822		409055.33		226.80		0.10
823		409282.02		226.67		0.10
824		409509.52		227.48		0.09
825		409737.44		227.91		0.09
826		409964.12		226.67		0.09
827		410191.30		227.16		0.09
828		410418.89		227.57		0.09
829		410646.11		227.20		0.10
830		410874.80		228.67		1.42
831		411102.28		227.47		0.11
832		411329.11		226.81		0.10
833		411556.74		227.61		0.09
834		411784.11		227.36		0.09
835		412010.64		226.50		0.10
836		412237.49		226.83		0.09
837		412465.43		227.93		0.13
838		412703.11		237.67		0.10
839		412939.77		236.64		0.20
840		413168.03		228.25		0.19
841		413395.01		226.96		0.10
842		413621.94		226.92		0.10
843		413849.17		227.21		0.09
844		414075.99		226.80		0.09
845		414302.83		226.83		0.10
846		414529.50		226.65		0.09
847		414756.40		226.88		0.09
848		414983.96		227.54		0.09
849		415210.93		226.95		0.09
850		415437.64		226.70		0.09
851		415664.73		227.07		0.09
852		415892.52		227.78		0.09
853		416119.42		226.89		0.10
854		416346.03		226.59		0.13
855		416572.65		226.60		0.10
856		416800.04		227.37		0.10
857		417027.64		227.58		0.10
858		417254.33		226.67		0.10
859		417481.49		227.14		0.10
860		417709.13		227.62		0.09
861		417936.42		227.27		0.10
862		418163.23		226.80		0.10
863		418390.88		227.63		0.09
864		418617.20		226.30		0.09
865		418844.45		227.24		0.09
866		419071.02		226.54		0.09
867		419298.19		227.16		0.09
868		419525.83		227.62		0.09
869		419752.90		227.05		0.10
870		419979.60		226.68		0.09
871		420206.88		227.27		0.09
872		420434.82		227.93		0.13
873		420662.02		227.18		0.10
874		420889.93		227.89		0.10
875		421116.91		226.97		0.10
876		421343.87		226.94		0.09
877		421571.59		227.71		0.10
878		421799.20		227.59		0.09
879		422026.15		226.93		0.10
880		422253.30		227.14		0.09
881		422481.84		228.51		1.81
882		422708.95		227.10		0.10
883		422937.21		228.25		0.10
884		423163.79		226.55		0.09
885		423391.61		227.80		0.10
886		423618.77		227.14		0.09
887		423845.67		226.88		0.10
888		424072.69		227.00		0.09
889		424300.63		227.92		0.09
890		424527.65		227.00		0.13
891		424754.79		227.12		0.10
892		424982.28		227.47		0.10
893		425209.53		227.23		0.10
894		425436.57		227.02		0.10
895		425664.11		227.53		0.10
896		425891.16		227.03		0.09
897		426118.91		227.73		0.10
898		426345.82		226.89		0.09
899		426572.93		227.10		0.10
900		426800.44		227.49		0.09
901		427027.58		227.13		0.10
902		427254.19		226.58		0.09
903		427481.53		227.32		0.10
904		427709.50		227.95		0.09
905		427936.89		227.37		0.09
906		428173.48		236.57		0.09
907		428410.73		237.23		0.23
908		428637.33		226.58		0.19
909		428864.60		227.25		0.10
910		429091.46		226.84		0.09
911		429318.55		227.07		0.09
912		429545.63		227.07		0.10
913		429772.39		226.73		0.09
914		429999.13		226.73		0.09
915		430226.98		227.83		0.10
916		430453.91		226.91		0.10
917		430680.75		226.83		0.10
918		430906.86		226.09		0.10
919		431133.13		226.25		0.09
920		431359.48		226.33		0.09
921		431586.54		227.05		0.09
922		431813.88		227.32		0.09
923		432040.58		226.69		0.09
924		432267.99		227.39		0.10
925		432495.04		227.03		0.13
926		432722.01		226.96		0.10
927		432949.00		226.97		0.10
928		433176.38		227.36		0.10
929		433403.92		227.52		0.09
930		433630.57		226.63		0.09
931		433857.25		226.67		0.09
932		434086.77		229.50		1.86
933		434314.20		227.41		0.10
934		434541.06		226.84		0.09
935		434767.61		226.53		0.09
936		434994.71		227.09		0.09
937		435221.66		226.94		0.09
938		435448.84		227.16		0.10
939		435675.49		226.63		0.09
940		435902.36		226.85		0.10
941		436130.28		227.90		0.10
942		436331.36		201.06		0.13
943		436556.88		225.50		0.10
944		436784.36		227.46		0.10
945		437011.85		227.47		0.20
946		437238.73		226.87		0.10
947		437466.29		227.54		0.09
948		437692.51		226.20		0.09
949		437919.67		227.14		0.09
950		438146.82		227.13		0.09
951		438374.18		227.34		0.09
952		438601.26		227.06		0.09
953		438828.75		227.48		0.09
954		439054.93		226.16		0.09
955		439281.58		226.63		0.09
956		439509.01		227.42		0.09
957		439736.76		227.73		0.10
958		439963.50		226.73		0.09
959		440190.20		226.68		0.09
960		440427.07		236.85		0.13
961		440654.21		227.12		0.20
962		440891.65		237.42		0.10
963		441119.12		227.45		0.19
964		441346.40		227.26		0.10
965		441573.71		227.29		0.10
966		441800.29		226.57		0.09
967		442027.57		227.26		0.10
968		442254.34		226.75		0.09
969		442481.20		226.84		0.10
970		442707.87		226.65		0.09
971		442934.75		226.86		0.09
972		443162.33		227.56		0.09
973		443389.81		227.46		0.10
974		443616.35		226.52		0.09
975		443843.11		226.75		0.09
976		444070.88		227.75		0.09
977		444297.92		227.03		0.09
978		444525.04		227.10		0.13
979		444753.25		228.19		0.10
980		444979.80		226.53		0.10
981		445206.59		226.78		0.10
982		445433.70		227.09		0.09
983		445661.90		228.18		1.21
984		445888.88		226.97		0.10
985		446116.60		227.70		0.10
986		446344.29		227.68		0.10
987		446570.77		226.46		0.10
988		446798.31		227.51		0.09
989		447025.41		227.09		0.13
990		447252.23		226.80		0.10
991		447479.05		226.80		0.09
992		447706.33		227.26		0.09
993		447934.21		227.86		0.09
994		448161.47		227.24		0.09
995		448387.82		226.33		0.13
996		448615.80		227.97		0.10
997		448842.85		227.03		0.10
998		449070.08		227.22		0.10
999		449296.80		226.70		0.09
1000		449524.33		227.51		0.10
